010000000
000000000
011000101
010000001
000000000
011000110
110101000
011000011
110101001
011000100
010100100
100100110
101000100
010000001
000000000
101001111
010100101
100100011
101000100
010000001
000000000
101001001
010001011
111000101
010000111
001000110
011000110
010001010
111000110
011100000
010100000
000000000
011000111
011001000
011001001
010000001
000000000
011001100
010000111
001100110
011001010
010000001
100101010
101001010
010000001
001000110
011000110
010000001
001000101
011000101
010101100
000000000
101010000
010000001
001000110
011000110
010000001
001000101
011000101
010000001
000000101
011000101
010101100
000000000
101000100
010101100
000000000
101111101
010100011
100000101
101011001
010100011
100100101
101000111
010101100
000000000
101000111
010101100
000000000
101101110
010100100
100000110
101001101
010101000
100101110
101001101
010000001
000001000
011001000
010101100
000000000
101001101
010101100
000000000
101110001
010101100
000000000
101001101
010000000
000000000
011001000
010000001
000000111
011000111
010101100
000000000
101000111
010101100
000000000
101110001
010101100
000000000
101001010
010100100
100000110
101001101
010100100
000100110
011000110
010100011
000100101
011000101
010101100
000000000
101010011
010101100
000000000
101110100
010100110
000100100
011001010
010101010
000101110
011000110
010000001
000000110
011000110
010000001
000100101
011000101
010100011
000100101
011000101
010001110
100101001
101010011
010101100
000000000
101000100
010101100
000000000
101111010
010000111
001101000
011001010
010000001
100101010
101001101
010000001
001001000
011001000
010000001
001000111
011000111
010101100
000000000
101001101
010101100
000000000
101110100
010000001
001001000
011001000
010000001
001000111
011000111
010000001
000000111
011000111
010000001
000001001
011001001
010001111
100001001
101110001
010001010
111000111
010001011
111001000
011100000
