110110000
011000011
110110001
011000100
010100000
000000000
011000101
011000110
010000001
000000000
011000111
010000110
001000111
011000111
010100000
000000000
011001000
010100111
100100011
101010001
010100011
100000111
101010000
010000110
001000111
011001001
010000010
001100111
011000111
001101000
010101001
000000010
011001000
010000001
000000000
101110010
010101000
100100100
101010001
010100100
100001000
101001110
010000110
001000111
011001001
010000010
001100111
011000111
001101000
010101001
000000010
011001000
010000001
000000000
101110011
010100000
100100111
011001001
100101000
011000001
000001001
011001001
010000010
100101001
101011001
010100110
000001000
011001010
100001010
101001011
010101000
100001010
101001000
010100101
000000111
011001001
010000001
000000000
101001100
101111000
010000001
000000101
011000001
000000111
011001001
010000001
000000000
101000011
101101001
101011110
010100011
100101001
101011110
010100011
100001001
101011001
010000111
001000101
011001011
010000001
001100101
011000101
001100110
010101011
000000010
011000110
010000110
001000111
011001011
010000010
001100111
011000111
001101000
010101011
000000010
011001000
010000001
000000000
101111110
101011001
101001011
101111001
010101010
100100100
101000111
010100100
100001010
101000100
010000001
000000000
101101001
010101010
100000100
101001101
000100100
011000100
010101001
000100011
011000011
010000001
000000000
101010101
010000000
000000000
101010000
101111011
010100100
000101010
011000001
000101110
010000001
000000010
011000100
000100011
011000011
010101001
000100011
011000011
010000000
000000000
101011110
101110000
010000111
001000101
011001011
010000001
001100110
011000001
000001011
011001100
010000001
001100101
011001011
010101100
000001000
011000110
010101100
100000110
101001110
010101000
100000110
101001011
010101011
000000111
011000101
010000001
000000000
101001010
010000000
000000000
101010100
101111110
010000001
000001011
011000001
000000111
011000101
010000110
001000111
011001011
010000010
001100111
011000111
001101000
010101011
000000010
011001000
010000001
000000000
101110010
010100110
111110010
011100000
