110100000
011000011
110100001
011000100
110100010
011000101
010100011
100000000
101000100
010100101
100000100
101010101
010100101
100000100
101000111
010100101
000100100
011000100
010000001
000000000
101010001
010100100
000100101
011001010
010101010
000101110
011001010
010000001
000001010
011000100
010000000
000000000
101011001
101111011
010000001
000100011
011000011
010000001
000000111
011001010
010100111
100001010
101000111
010101010
000000000
011000111
010000001
000000000
101000110
010000001
000000111
011000111
000000110
011000110
010000001
000000000
101110111
010000100
111000110
010000101
111000111
010100000
000000000
011000110
011000111
011001011
010000001
001000011
011000011
010000111
001100100
011000110
010100110
000000011
011000011
010000001
001000100
011000100
010000001
001001000
011001000
010000000
000000000
101110001
010100011
100000000
101000100
010100100
100100101
101010101
010100011
100000000
101000111
010100100
100000101
101000100
010000001
000000000
101011101
010000001
000001000
011001000
010100101
100000100
101001011
010100101
000100100
011000100
010000000
000000000
101011010
101111100
010000001
000000000
101001101
010100100
000100101
011001100
010101100
000101110
011001100
010000001
000001100
011000100
010000001
000100011
011000011
010000001
000001011
011001011
010001000
100001011
101110101
010000001
000000000
101001101
010000001
000001000
011001000
010000110
000000000
011001010
010101011
000101010
011001010
010101010
001001000
011001000
010000110
111001000
011100000
